house_id,c0unt
3523069060,2
123039336,2
2044500213,2
2473380920,2
5127001320,2
4435000705,2
8103000110,2
4443800385,2
6117501820,2
8820903380,2
5132000140,2
7657000540,2
1781500435,2
3578401060,2
795000620,3
1568100300,2
3528000040,2
5282200015,2
6669020290,2
1237500540,2
1217000340,2
2726049071,2
4364700600,2
7888000390,2
6300000226,2
3739500096,2
1721801010,2
2019200220,2
2560801222,2
6141100320,2
8645530010,2
7701960990,2
9353300600,2
8121100395,2
937000330,2
302000375,2
2023049218,2
3630120700,2
1000102,2
3332000615,2
8161020060,2
6751300375,2
1524079093,2
705730280,2
8945100320,2
1231000510,2
7227800055,2
3395040550,2
7524400250,2
3262300940,2
641900050,2
4139480200,2
6381500170,2
2231500030,2
3271300955,2
2206700215,2
4345000510,2
4154300296,2
1446403850,2
3904100089,2
1901600090,2
9828200460,2
6623400187,2
3883800011,2
4305200070,2
1630700361,2
7520000695,2
3432501415,2
5054800110,2
1823049202,2
3293700496,2
7167000040,2
9834200885,2
722039087,2
1450100390,2
526059224,2
7961500010,2
3935900232,2
7200179,2
251300110,2
4139440480,2
109200390,2
5083000375,2
726049190,2
4222310010,2
3558900590,2
9407110710,2
2422049104,2
6143000020,2
3598600049,2
4202400078,2
1432400120,2
2561340020,2
5101405604,2
2724049222,2
9211500620,2
9136103130,2
2619920170,2
5101402435,2
8682262400,2
4031000520,2
7899800045,2
2621600015,2
8564860270,2
324000530,2
1523049207,2
8910500150,2
7856400240,2
7230400400,2
1545800290,2
4139420590,2
1922059278,2
7972000010,2
8648900110,2
1036400200,2
5249801440,2
1788900230,2
6632900574,2
4302201085,2
2212200100,2
2787460720,2
3969300030,2
1954420170,2
1788800630,2
2228900270,2
1423049019,2
7893805650,2
1219000473,2
3333002450,2
1254200015,2
8651510380,2
2767603612,2
9809000020,2
9222400605,2
1825069031,2
2892700041,2
8651402750,2
1995200200,2
643300040,2
6021500970,2
723049156,2
8129700644,2
8807810890,2
6021501535,2
7129304540,2
7853400250,2
2767602141,2
5430300171,2
2568300045,2
7977201065,2
7409700215,2
3185600040,2
7520000520,2
1250201165,2
4204400098,2
5417600130,2
5332200530,2
9238500040,2
3303000130,2
8062900070,2
6308000010,2
1139600270,2
5536100020,2
9834200305,2
6791200120,2
2143700830,2
7853420110,2
7387500235,2
1232000810,2
8832900780,2
1974300020,2
9250900104,2
7504021310,2
7983000200,2
7856400300,2
3323059027,2
